0.996204 0.992493 0.988950 0.985654 0.982678 0.980090 0.977946 0.976295 0.975174 0.974607 0.974607 0.975174 0.976295 0.977946 0.980090 0.982678 0.985654 0.988950 0.992493 0.996204 
0.992493 0.985154 0.978147 0.971628 0.965744 0.960625 0.956385 0.953120 0.950902 0.949781 0.949781 0.950902 0.953120 0.956385 0.960625 0.965744 0.971628 0.978147 0.985154 0.992493 
0.988950 0.978147 0.967833 0.958237 0.949575 0.942040 0.935800 0.930993 0.927729 0.926078 0.926078 0.927729 0.930993 0.935800 0.942040 0.949575 0.958237 0.967833 0.978147 0.988950 
0.985654 0.971628 0.958237 0.945779 0.934534 0.924751 0.916649 0.910409 0.906170 0.904027 0.904027 0.906170 0.910409 0.916649 0.924751 0.934534 0.945779 0.958237 0.971628 0.985654 
0.982678 0.965744 0.949575 0.934534 0.920955 0.909143 0.899361 0.891827 0.886709 0.884121 0.884121 0.886709 0.891827 0.899361 0.909143 0.920955 0.934534 0.949575 0.965744 0.982678 
0.980090 0.960625 0.942040 0.924751 0.909143 0.895566 0.884322 0.875662 0.869780 0.866805 0.866805 0.869780 0.875662 0.884322 0.895566 0.909143 0.924751 0.942040 0.960625 0.980090 
0.977946 0.956385 0.935800 0.916649 0.899361 0.884322 0.871868 0.862275 0.855759 0.852465 0.852465 0.855759 0.862275 0.871868 0.884322 0.899361 0.916649 0.935800 0.956385 0.977946 
0.976295 0.953120 0.930993 0.910409 0.891827 0.875662 0.862275 0.851965 0.844961 0.841420 0.841420 0.844961 0.851965 0.862275 0.875662 0.891827 0.910409 0.930993 0.953120 0.976295 
0.975174 0.950902 0.927729 0.906170 0.886709 0.869780 0.855759 0.844961 0.837626 0.833917 0.833917 0.837626 0.844961 0.855759 0.869780 0.886709 0.906170 0.927729 0.950902 0.975174 
0.974607 0.949781 0.926078 0.904027 0.884121 0.866805 0.852465 0.841420 0.833917 0.830123 0.830123 0.833917 0.841420 0.852465 0.866805 0.884121 0.904027 0.926078 0.949781 0.974607 
0.974607 0.949781 0.926078 0.904027 0.884121 0.866805 0.852465 0.841420 0.833917 0.830123 0.830123 0.833917 0.841420 0.852465 0.866805 0.884121 0.904027 0.926078 0.949781 0.974607 
0.975174 0.950902 0.927729 0.906170 0.886709 0.869780 0.855759 0.844961 0.837626 0.833917 0.833917 0.837626 0.844961 0.855759 0.869780 0.886709 0.906170 0.927729 0.950902 0.975174 
0.976295 0.953120 0.930993 0.910409 0.891827 0.875662 0.862275 0.851965 0.844961 0.841420 0.841420 0.844961 0.851965 0.862275 0.875662 0.891827 0.910409 0.930993 0.953120 0.976295 
0.977946 0.956385 0.935800 0.916649 0.899361 0.884322 0.871868 0.862275 0.855759 0.852465 0.852465 0.855759 0.862275 0.871868 0.884322 0.899361 0.916649 0.935800 0.956385 0.977946 
0.980090 0.960625 0.942040 0.924751 0.909143 0.895566 0.884322 0.875662 0.869780 0.866805 0.866805 0.869780 0.875662 0.884322 0.895566 0.909143 0.924751 0.942040 0.960625 0.980090 
0.982678 0.965744 0.949575 0.934534 0.920955 0.909143 0.899361 0.891827 0.886709 0.884121 0.884121 0.886709 0.891827 0.899361 0.909143 0.920955 0.934534 0.949575 0.965744 0.982678 
0.985654 0.971628 0.958237 0.945779 0.934534 0.924751 0.916649 0.910409 0.906170 0.904027 0.904027 0.906170 0.910409 0.916649 0.924751 0.934534 0.945779 0.958237 0.971628 0.985654 
0.988950 0.978147 0.967833 0.958237 0.949575 0.942040 0.935800 0.930993 0.927729 0.926078 0.926078 0.927729 0.930993 0.935800 0.942040 0.949575 0.958237 0.967833 0.978147 0.988950 
0.992493 0.985154 0.978147 0.971628 0.965744 0.960625 0.956385 0.953120 0.950902 0.949781 0.949781 0.950902 0.953120 0.956385 0.960625 0.965744 0.971628 0.978147 0.985154 0.992493 
0.996204 0.992493 0.988950 0.985654 0.982678 0.980090 0.977946 0.976295 0.975174 0.974607 0.974607 0.975174 0.976295 0.977946 0.980090 0.982678 0.985654 0.988950 0.992493 0.996204 
